269087.5
0.0
7438.5
1958.0
6345.0
2786.5
5421.5
3401.5
512.5
3822.0
3505.0
2926.5
4172.5
0.0
9336.0
1985.5
318.0
2206.0
2243.0
1025.5
2227.5
2850.5
8400.0
1915.0
3077.5
636.5
2144.0
2064.5
2583.5
1281.0
1427.0
4202.0
0.0
4110.0
11144.0
0.0
4534.5
12125.0
666.5
2341.5
3492.0
248.0
0.0
0.0
1280.0
1646.5
0.0
351.5
1063.0
1346.5
1346.5
1486.0
690.0
485.5
4203.5
3151.5
0.0
0.0
800.5
1059.0
2887.5
2884.0
2787.0
1461.5
1868.0
0.0
256.5
824.0
142.5
138.5
4519.0
3948.0
3826.0
1686.5
0.0
1062.5
826.5
1153.5
3939.0
1021.0
3579.0
2808.0
0.0
1475.0
3804.5
3512.0
312.0
604.5
825.5
0.0
1532.0
2117.5
3305.0
516.5
0.0
2113.0
4968.5
0.0
5941.0
1055.5
